1.1586226
1.1586481
1.1586478
1.1586729
1.1586822
1.1586819
1.1587022
1.1587177
1.1587176
1.1587351
1.1587613
1.1587613
1.1588335
1.1588607
1.1588607
1.1589601
1.158988
1.158988
1.1591155
1.1591441
1.1591441
1.1593003
1.1593273
1.1593273
1.1595107
1.1595356
1.1595356
1.1597442
1.1597678
1.1597678
1.1600003
1.1600225
1.1600225
1.1602778
1.160299
1.1602991
1.1605763
1.1605972
1.1605972
1.160896
1.1609166
1.1609166
1.1612368
1.1612573
1.1612572
1.1615987
1.1616191
1.1616191
1.1619819
1.1620021
1.1620021
1.1623862
1.1624062
1.1624062
1.1628116
1.1628314
1.1628314
1.163258
1.1632776
1.1632776
1.1637254
1.1637447
1.1637447
1.1642135
1.1642326
1.1642326
1.1647223
1.1647411
1.1647411
1.1652517
1.1652703
1.1652703
1.1658016
1.1658199
1.1658199
1.1663719
1.1663899
1.1663899
1.1669625
1.1669802
1.1669802
1.1675733
1.1675908
1.1675908
1.1682044
1.1682216
1.1682216
1.1688556
1.1688725
1.1688725
1.1695268
1.1695435
1.1695435
1.1702182
1.1702346
1.1702346
1.1709295
1.1709456
1.1709456
1.1716608
1.1716766
1.1716766
1.1724121
1.1724276
1.1724276
1.1731832
1.1731985
1.1731985
1.1739743
1.1739893
1.1739893
1.1747853
1.1748
1.1748
1.1756163
1.1756307
1.1756307
1.1764671
1.1764812
1.1764812
1.1773378
1.1773516
1.1773516
1.1782284
1.178242
1.178242
1.179139
1.1791523
1.1791523
1.1800696
1.1800825
1.1800825
1.1810202
1.1810329
1.1810328
1.1819908
1.1820032
1.1820031
1.1829815
1.1829936
1.1829935
1.1839924
1.1840042
1.184004
1.1850234
1.1850349
1.1850348
1.1860748
1.186086
1.1860858
1.1871465
1.1871574
1.1871572
1.1882387
1.1882493
1.1882491
1.1893514
1.1893619
1.1893615
1.190485
1.1904951
1.1904947
1.1916394
1.1916493
1.1916489
1.1928149
1.1928246
1.1928241
1.1940117
1.1940211
1.1940206
1.19523
1.1952392
1.1952386
1.1964701
1.1964789
1.1964784
1.1977321
1.1977407
1.1977402
1.1990164
1.1990246
1.1990242
1.2003232
1.2003311
1.2003306
1.2016526
1.2016601
1.2016597
1.203005
1.2030121
1.2030117
1.2043806
1.2043871
1.2043869
1.2057794
1.2057855
1.2057852
1.2072017
1.2072072
1.2072071
1.2086477
1.2086526
1.2086525
1.2101174
1.2101218
1.2101217
1.2116111
1.2116149
1.2116149
1.2131289
1.213132
1.213132
1.2146709
1.2146734
1.2146735
1.2162373
1.2162392
1.2162393
1.2178283
1.2178296
1.2178297
1.2194441
1.2194447
1.2194448
1.2210848
1.2210847
1.2210849
1.2227507
1.2227498
1.22275
1.2244418
1.2244402
1.2244404
1.2261584
1.226156
1.2261562
1.2279006
1.2278974
1.2278977
1.2296686
1.2296646
1.2296649
1.2314626
1.2314577
1.231458
1.2332827
1.233277
1.2332773
1.2351292
1.2351225
1.2351228
1.2370021
1.2369945
1.2369948
1.2389017
1.2388933
1.2388935
1.2408283
1.2408189
1.2408191
1.242782
1.2427717
1.2427719
1.2447632
1.2447519
1.2447521
1.2467721
1.2467598
1.24676
1.248809
1.2487957
1.2487959
1.2508742
1.25086
1.25086
1.2529682
1.2529528
1.2529529
1.2550911
1.2550746
1.2550747
1.2572434
1.2572258
1.2572258
1.2594255
1.2594066
1.2594066
1.2616376
1.2616175
1.2616175
1.2638803
1.2638589
1.2638589
1.2661538
1.266131
1.266131
1.2684586
1.2684344
1.2684344
1.2707951
1.2707694
1.2707694
1.2731637
1.2731365
1.2731364
1.2755649
1.275536
1.275536
1.277999
1.2779684
1.2779684
1.2804665
1.2804341
1.2804341
1.2829678
1.2829336
1.2829336
1.2855035
1.2854673
1.2854673
1.2880739
1.2880358
1.2880357
1.2906796
1.2906393
1.2906393
1.293321
1.2932786
1.2932785
1.2959987
1.2959539
1.2959538
1.2987131
1.2986659
1.2986658
1.3014647
1.301413
1.3014129
1.3042502
1.3041954
1.3041953
1.307071
1.3070136
1.3070134
1.3099284
1.309868
1.3098679
1.2098089
1.2084295
1.2084268
1.2087801
1.2097991
1.209802
1.2111942
1.2117131
1.2117129
1.2136476
1.213684
1.2136832
1.2156785
1.2156444
1.2156442
1.2176304
1.2176175
1.2176175
1.2196167
1.2196132
1.2196131
1.2216353
1.2216318
1.2216322
1.2236785
1.2236741
1.2236742
1.2257442
1.2257375
1.2257377
1.2278299
1.2278198
1.2278202
1.2299321
1.2299183
1.2299188
1.2320476
1.2320316
1.2320319
1.2341758
1.23416
1.23416
1.2363195
1.2363063
1.236306
1.2384843
1.2384748
1.2384743
1.2406756
1.2406694
1.2406689
1.2428974
1.2428927
1.2428924
1.2451508
1.2451457
1.2451455
1.2474345
1.2474277
1.2474277
1.2497468
1.2497377
1.2497378
1.2520858
1.2520747
1.2520748
1.2544508
1.2544383
1.2544383
1.2568418
1.2568285
1.2568284
1.2592595
1.2592449
1.2592453
1.2617043
1.2616893
1.2616895
1.264177
1.2641614
1.2641616
1.266678
1.2666618
1.2666618
1.2692078
1.2691908
1.2691908
1.2717666
1.2717488
1.2717488
1.274355
1.2743363
1.2743363
1.2769732
1.2769536
1.2769536
1.2796216
1.2796011
1.2796011
1.2823007
1.282279
1.2822791
1.2850107
1.284988
1.2849881
1.2877521
1.2877283
1.2877285
1.2905253
1.2905004
1.2905006
1.2933307
1.2933047
1.2933048
1.2961688
1.2961417
1.2961418
1.29904
1.2990117
1.2990118
1.3019448
1.3019153
1.3019154
1.3048838
1.3048531
1.3048531
1.3078575
1.3078255
1.3078255
1.3108664
1.3108331
1.3108331
1.3139112
1.3138766
1.3138766
1.3169926
1.3169566
1.3169567
1.3201112
1.3200738
1.3200738
1.3232677
1.3232287
1.3232289
1.3264628
1.3264223
1.3264224
1.3297008
1.3296589
1.3296591
1.3329847
1.3329411
1.3329413
1.33631
1.3362645
1.3362648
1.3396772
1.3396298
1.33963
1.3430871
1.3430376
1.3430378
1.3465402
1.3464886
1.3464888
1.3500371
1.3499833
1.3499834
1.3535785
1.3535224
1.3535224
1.3571649
1.3571072
1.3571071
1.3608323
1.3607722
1.3607721
1.3645484
1.3644856
1.3644854
1.3683319
1.3682674
1.3682672
1.3721838
1.3721164
1.3721162
1.376089
1.3760187
1.3760185
1.3800489
1.3799755
1.3799753
1.3840647
1.3839882
1.383988
1.3881378
1.3880579
1.3880578
1.3922696
1.3921864
1.3921863
1.3964617
1.396375
1.3963748
1.4007158
1.4006255
1.4006252
1.4050336
1.4049396
1.4049392
1.4094171
1.4093191
1.4093186
1.4138681
1.413766
1.4137653
1.4183887
1.4182822
1.4182814
1.4229811
1.4228699
1.422869
1.4276476
1.4275313
1.4275303
1.4323905
1.4322688
1.4322678
1.4372123
1.4370848
1.4370838
1.4421158
1.441982
1.441981
1.4471035
1.4469631
1.4469622
1.4521786
1.452031
1.4520302
1.4573442
1.4571889
1.4571882
1.4626035
1.4624401
1.4624394
1.4679602
1.4677879
1.4677874
1.473418
1.4732361
1.4732356
1.4789808
1.4787885
1.478788
1.3074273
1.304209
1.304202
1.3046252
1.3064077
1.3064149
1.3086746
1.3096881
1.309688
1.313031
1.313078
1.3130759
1.3165371
1.3164302
1.3164295
1.3198569
1.3198012
1.3198011
1.3232481
1.3232161
1.3232158
1.3267078
1.3266743
1.3266748
1.3302134
1.3301756
1.3301756
1.3337582
1.3337152
1.333715
1.3373384
1.3372887
1.3372884
1.3409478
1.3408913
1.3408908
1.3445813
1.3445207
1.34452
1.3482395
1.3481797
1.3481789
1.3519302
1.3518758
1.351875
1.3556659
1.3556186
1.3556179
1.3594585
1.3594165
1.3594161
1.3633149
1.3632743
1.3632742
1.3672362
1.3671927
1.3671928
1.3712187
1.3711697
1.3711699
1.3752577
1.3752026
1.3752026
1.3793494
1.3792887
1.3792886
1.3834923
1.3834273
1.3834271
1.3876868
1.3876187
1.3876183
1.3919345
1.3918638
1.3918633
1.3962371
1.396164
1.3961635
1.4005964
1.40052
1.4005202
1.4050138
1.4049348
1.4049348
1.4094908
1.4094088
1.4094088
1.4140286
1.4139434
1.4139433
1.4186286
1.41854
1.4185399
1.4232921
1.4231999
1.4231997
1.4280204
1.4279244
1.4279243
1.4328151
1.4327151
1.4327149
1.4376985
1.4375953
1.4375951
1.4426839
1.4425764
1.4425762
1.4477436
1.4476316
1.4476313
1.4528794
1.4527626
1.4527622
1.4580934
1.4579714
1.457971
1.4634066
1.4632812
1.4632808
1.4689454
1.4688143
1.4688139
1.4745782
1.474441
1.4744405
1.4803766
1.4802345
1.480234
1.4863737
1.4862245
1.4862241
1.4924837
1.4923271
1.4923267
1.4987109
1.4985463
1.4985459
1.5050594
1.5048862
1.5048859
1.5115339
1.5113516
1.5113513
1.5181392
1.5179469
1.5179468
1.5248804
1.5246773
1.5246772
1.5317627
1.5315478
1.5315478
1.5387913
1.5385636
1.5385636
1.5459718
1.5457299
1.5457299
1.5533096
1.5530521
1.553052
1.5608102
1.5605355
1.5605352
1.5684792
1.5681854
1.568185
1.576322
1.5760071
1.5760066
1.5843443
1.5840062
1.5840056
1.3819198
1.3771309
1.3771195
1.3775292
1.3798184
1.3798293
1.38261
1.3840262
1.3840268
1.3883367
1.3883866
1.3883838
1.3928596
1.3926777
1.3926765
1.3970879
1.3969869
1.3969867
1.4014181
1.401355
1.4013546
1.4058474
1.4057808
1.4057812
1.4103364
1.4102616
1.4102615
1.414874
1.4147905
1.4147906
1.4194558
1.4193623
1.4193628
1.4240747
1.4239713
1.423972
1.4287244
1.4286163
1.4286166
1.4334081
1.4333032
1.4333027
1.4381395
1.4380441
1.4380431
1.4429386
1.4428547
1.4428533
1.4478238
1.4477478
1.4477464
1.4528056
1.4527304
1.4527296
1.4578851
1.4578039
1.4578038
1.4630569
1.4629659
1.462966
1.4683138
1.468212
1.4682122
1.4736506
1.4735395
1.4735394
1.4790659
1.4789474
1.4789472
1.4845612
1.4844373
1.4844368
1.49014
1.4900113
1.4900106
1.495806
1.4956727
1.4956718
1.5015628
1.5014245
1.5014236
1.5074139
1.5072692
1.507269
1.513363
1.5132128
1.5132125
1.5195092
1.5193527
1.5193524
1.5258026
1.5256385
1.5256381
1.5322103
1.5320379
1.5320376
1.5387357
1.5385544
1.5385541
1.5455356
1.5453456
1.5453452
1.5526783
1.5524775
1.5524772
1.5599712
1.5597589
1.5597586
1.5676143
1.5673897
1.5673893
1.5756075
1.5753691
1.5753687
1.5837919
1.5835385
1.5835381
1.5921758
1.5919063
1.5919058
1.6007683
1.6004811
1.6004807
1.609579
1.6092726
1.6092721
1.6186185
1.618291
1.6182906
1.6278982
1.6275477
1.6275473
1.6374307
1.6370547
1.6370545
1.6472296
1.6468254
1.6468252
1.6573096
1.6568739
1.6568738
1.6676869
1.6672156
1.6672157
1.448281
1.441999
1.4419839
1.4422733
1.4450502
1.4450644
1.4482375
1.4500399
1.4500404
1.4551716
1.4552176
1.4552127
1.4605492
1.4602926
1.4602907
1.4655324
1.4653905
1.4653902
1.470657
1.470567
1.4705662
1.4759151
1.4758188
1.4758173
1.4812469
1.4811365
1.4811347
1.4866362
1.4865124
1.4865118
1.4920783
1.4919412
1.4919405
1.4975642
1.4974143
1.4974135
1.5030865
1.5029299
1.5029288
1.5086497
1.5084967
1.5084953
1.5142732
1.5141322
1.5141305
1.5199839
1.5198566
1.519855
1.5258057
1.5256871
1.5256857
1.5317516
1.5316322
1.5316312
1.5378217
1.5376925
1.5376919
1.5440076
1.5438631
1.5438628
1.5502992
1.5501383
1.550138
1.5566893
1.5565141
1.5565137
1.5631763
1.5629897
1.5629891
1.5697626
1.5695669
1.5695661
1.5764833
1.5762795
1.5762786
1.5834805
1.5832684
1.5832674
1.5906568
1.590436
1.5904345
1.5979677
1.5977369
1.5977353
1.605419
1.605177
1.6051754
1.6135434
1.6132858
1.6132843
1.6219419
1.6216696
1.6216683
1.6305377
1.6302495
1.6302483
1.6396744
1.6393641
1.639363
1.6493647
1.6490344
1.6490334
1.6593283
1.6589761
1.6589751
1.6695815
1.6692052
1.6692041
1.6801423
1.6797391
1.6797379
1.6910301
1.6905968
1.6905955
1.7022661
1.7017987
1.7017973
1.7138733
1.7133669
1.7133655
1.7258764
1.7253252
1.7253238
1.7383024
1.7376995
1.7376983
1.5095159
1.5017927
1.5017716
1.5017494
1.5050261
1.5050456
1.5084277
1.5106103
1.5106123
1.5163733
1.5164053
1.5164
1.5223934
1.5220628
1.5220602
1.527925
1.5277501
1.5277494
1.5336479
1.5335389
1.533538
1.5395436
1.5394218
1.5394218
1.5455306
1.5453901
1.545389
1.5515888
1.5514322
1.5514314
1.557714
1.5575401
1.5575399
1.5638961
1.5637057
1.5637058
1.5701267
1.5699285
1.5699281
1.5764131
1.5762203
1.5762188
1.5827806
1.5826031
1.582601
1.5892643
1.5891034
1.5891011
1.5958939
1.595742
1.59574
1.6026847
1.602529
1.6025275
1.6096352
1.6094639
1.609463
1.6167337
1.6165398
1.6165392
1.6239661
1.6237486
1.6237481
1.6315657
1.6313253
1.6313247
1.6394366
1.6391787
1.6391777
1.6474553
1.6471827
1.6471813
1.6556296
1.6553434
1.6553418
1.6644297
1.6641209
1.6641191
1.67387
1.6735436
1.6735418
1.6835489
1.6832019
1.6832009
1.6934787
1.6931098
1.6931083
1.7043236
1.703917
1.7039153
1.7158076
1.7153698
1.7153682
1.7276537
1.7271811
1.7271793
1.7398832
1.7393711
1.7393695
1.7525197
1.7519633
1.7519618
1.7655894
1.7649832
1.7649818
1.7791218
1.7784593
1.7784581
1.7931504
1.7924238
1.7924227
1.8077127
1.8069124
1.8069114
1.5677676
1.5585419
1.5585155
1.5580521
1.5618664
1.5618909
1.5653856
1.5679464
1.5679494
1.5742392
1.5742338
1.5742268
1.5807487
1.5803328
1.5803291
1.586673
1.586459
1.5864579
1.592834
1.5926998
1.5926983
1.5991955
1.5990452
1.5990429
1.605654
1.6054794
1.6054767
1.6121864
1.6119926
1.6119909
1.6187904
1.6185782
1.6185762
1.6254559
1.625225
1.6252241
1.6321756
1.6319371
1.631936
1.638961
1.6387303
1.6387287
1.6458454
1.6456343
1.6456322
1.6528728
1.6526819
1.6526795
1.6600794
1.6598979
1.6598957
1.6676149
1.6674235
1.6674218
1.6756533
1.6754363
1.675435
1.6839701
1.6837214
1.6837205
1.6924746
1.6921931
1.6921921
1.7011569
1.7008457
1.7008446
1.7108893
1.7105363
1.7105348
1.7211857
1.7208079
1.7208061
1.7317536
1.7313517
1.7313497
1.7426115
1.7421844
1.7421823
1.7543533
1.7538733
1.7538729
1.7672199
1.7667041
1.7667033
1.78054
1.7799828
1.7799818
1.7943467
1.7937418
1.7937404
1.8086762
1.8080159
1.8080143
1.8235683
1.8228433
1.8228415
1.8390667
1.838266
1.8382641
1.85522
1.8543303
1.8543284
1.6145672
1.6042627
1.6042318
1.603382
1.6075746
1.6076031
1.6110969
1.6139766
1.6139805
1.6206151
1.6205941
1.6205865
1.6274647
1.6269816
1.6269774
1.6336356
1.6333935
1.6333923
1.6400805
1.6399303
1.6399289
1.64675
1.6465771
1.6465769
1.6535205
1.6533198
1.6533183
1.6603658
1.6601442
1.660143
1.6672844
1.6670419
1.667041
1.674266
1.6740055
1.6740043
1.6813049
1.6810386
1.681037
1.688418
1.6881635
1.6881614
1.6956467
1.6954173
1.6954146
1.7033183
1.7031089
1.7031056
1.7115441
1.7113393
1.7113359
1.7200834
1.7198676
1.7198649
1.7288858
1.7286398
1.7286382
1.7379328
1.7376459
1.7376449
1.748294
1.7479437
1.7479425
1.7592138
1.7588142
1.7588126
1.7705547
1.7701152
1.7701132
1.7822098
1.7817329
1.7817305
1.7941966
1.7936825
1.7936799
1.8081092
1.8075176
1.8075148
1.8226423
1.8219999
1.821997
1.8377182
1.8370182
1.8370154
1.8533796
1.8526136
1.8526109
1.8696741
1.8688319
1.8688292
1.8866558
1.8857245
1.8857219
1.9043858
1.9033475
1.9033468
1.6597616
1.6483152
1.6482799
1.6469098
1.6515313
1.6515625
1.6549657
1.6581669
1.6581699
1.6650568
1.6650034
1.6649932
1.6721117
1.6715529
1.671548
1.6783901
1.6781186
1.6781173
1.6849799
1.6848153
1.6848134
1.6918151
1.6916247
1.6916214
1.6987468
1.6985227
1.6985187
1.7057447
1.7054984
1.7054943
1.7128094
1.7125394
1.7125377
1.7199315
1.7196426
1.7196412
1.7272136
1.726915
1.7269133
1.7348815
1.7345916
1.7345892
1.7430708
1.7428098
1.7428067
1.7514865
1.7512535
1.75125
1.7601824
1.7599612
1.7599579
1.7693353
1.7690726
1.7690702
1.7799847
1.7796856
1.7796836
1.79116
1.7908011
1.7907993
1.8029999
1.8025846
1.8025828
1.8152143
1.8147436
1.8147416
1.8278091
1.8272862
1.8272839
1.8419374
1.8413126
1.84131
1.8575092
1.8568231
1.8568202
1.8737017
1.8729458
1.8729445
1.8905644
1.889731
1.8897295
1.9081528
1.9072295
1.907228
1.9265297
1.925503
1.9254999
1.9457673
1.9446164
1.9446133
1.6997114
1.6872865
1.687245
1.6853693
1.6903848
1.6904216
1.6937137
1.6972084
1.6972144
1.7043052
1.7042199
1.7042096
1.7115187
1.7108926
1.710887
1.7178672
1.7175717
1.7175699
1.7245615
1.7243847
1.7243826
1.7315171
1.7313066
1.731306
1.7385636
1.7383165
1.7383142
1.745668
1.7453968
1.745395
1.7530365
1.752735
1.7527339
1.7607131
1.7603836
1.7603829
1.7689234
1.7685892
1.7685877
1.7772507
1.7769352
1.7769323
1.7857552
1.7854743
1.7854701
1.7945111
1.7942631
1.7942584
1.8050275
1.8047504
1.8047472
1.8160534
1.8157594
1.8157566
1.8279427
1.8275918
1.8275894
1.8404145
1.8400033
1.8400012
1.8533402
1.8528614
1.8528595
1.8667174
1.8661714
1.8661691
1.8827174
1.8820355
1.8820327
1.8996574
1.898898
1.8988948
1.9173312
1.9164867
1.9164831
1.9357998
1.9348577
1.9348539
1.955131
1.9540743
1.9540704
1.9754005
1.9742078
1.9742038
1.996695
1.9953392
1.9953352
1.7410594
1.7273991
1.7273515
1.7247838
1.730365
1.7304075
1.7335715
1.7373974
1.7374042
1.7447203
1.7445693
1.7445566
1.7520427
1.7513355
1.7513282
1.7584182
1.7580938
1.7580914
1.7651782
1.7649858
1.7649829
1.7723097
1.7720663
1.7720619
1.7799076
1.7796233
1.7796184
1.787807
1.7874874
1.7874847
1.7960817
1.7957349
1.7957326
1.8044403
1.804072
1.8040698
1.8128832
1.8125125
1.8125102
1.8217349
1.8213444
1.8213418
1.832232
1.8318747
1.8318717
1.8430946
1.8427689
1.8427655
1.854821
1.8544863
1.854483
1.867287
1.866929
1.8669259
1.8803005
1.8798889
1.8798861
1.8938576
1.8933731
1.8933706
1.9096886
1.9090327
1.9090303
1.9272749
1.9265239
1.9265212
1.9456693
1.9448208
1.9448176
1.9649403
1.9639857
1.9639821
1.9851688
1.9840933
1.9840893
2.0064483
2.0052268
2.0052249
2.0288845
2.0274884
2.027486
1.7735509
1.759166
1.7591142
1.7560113
1.7619287
1.7619741
1.7649285
1.7690136
1.7690216
1.7763968
1.7762274
1.7762145
1.783749
1.7829886
1.7829808
1.7901389
1.7897997
1.7897974
1.7974309
1.7972201
1.7972171
1.8050745
1.8048045
1.8048037
1.8133244
1.8130113
1.8130082
1.8216592
1.8213188
1.8213127
1.8300799
1.8297055
1.829704
1.838574
1.8381774
1.838176
1.848263
1.8478179
1.8478154
1.8589107
1.8584833
1.8584807
1.8698508
1.8694604
1.8694575
1.8817161
1.8813372
1.8813345
1.8942918
1.8939211
1.8939184
1.9074496
1.9070521
1.9070494
1.921211
1.9207535
1.9207508
1.9373589
1.936712
1.9367092
1.9556369
1.9548836
1.9548805
1.9748021
1.9739365
1.9739329
1.9949209
1.9939375
1.9939334
2.0160844
2.0149714
2.0149668
2.0384038
2.0371395
2.0371346
2.0622827
2.0605593
2.0605543
2.0921943
2.0901097
2.0901045
1.812658
1.7968461
1.7967891
1.792719
1.799434
1.7994843
1.8025315
1.8069889
1.8069919
1.8151283
1.8148627
1.8148465
1.8231095
1.8222953
1.8222884
1.8306984
1.8303366
1.8303349
1.8388071
1.8385639
1.8385607
1.8472329
1.8469362
1.8469308
1.855766
1.8554163
1.8554126
1.8645705
1.8641494
1.8641446
1.8753193
1.8748542
1.8748503
1.8862451
1.8857453
1.885742
1.8973558
1.8968459
1.8968428
1.9094155
1.9089014
1.9088982
1.9219499
1.9214727
1.921469
1.9349848
1.9345402
1.9345361
1.9486262
1.948185
1.9481809
1.9647484
1.9641371
1.9641334
1.9834359
1.9827305
1.9827271
2.003129
2.0022971
2.0022938
2.0238697
2.0228915
2.0228882
2.0457228
2.0445866
2.0445829
2.0687878
2.0674789
2.0674747
2.0939825
2.09209
2.0920852
2.1254384
2.1232322
2.1232271
1.8422214
1.825313
1.8252506
1.8210801
1.8281221
1.8281759
1.8311915
1.8358941
1.8359019
1.8445768
1.8442948
1.8442798
1.8531416
1.8522875
1.8522789
1.8606975
1.8603364
1.8603332
1.8688185
1.8685837
1.8685801
1.8772796
1.8769855
1.8769794
1.8868651
1.8864741
1.8864668
1.8977374
1.8973003
1.8972929
1.9088136
1.9083252
1.9083216
1.9200789
1.9195526
1.9195493
1.9323746
1.9318107
1.9318074
1.9450313
1.944484
1.9444808
1.9581023
1.9575935
1.9575897
1.9717183
1.9712428
1.9712388
1.9873622
1.9867388
1.9867351
2.0063472
2.0056608
2.0056573
